[/usr/share/plasma/desktoptheme/default/widgets/arrows.svgz]
2738626186357555922=15.000004000000002,30.000002999999992,13.999992999999998,13.999995000000013
LastModified=1732705397
NaturalSize=44,44

[/usr/share/plasma/desktoptheme/default/widgets/background.svgz]
10352498020566591396=13.00001200692786,63.00000000000003,32.00045319307214,11.999799999999993
1168976724142896779=1.0000119999999981,62.99939,12.000453,12.000610000000002
12218926372225936529=43,44,14,4
15240098959191412651=1.000012,18.99999999999997,12.000453,12
15483367965032611425=45.000465000000005,30.999396500000046,11.999541999999991,32.000591269239976
15899533459489566640=34,19,4,8
17200241728225747269=49,49,8,4
1941344144537959399=13.00001199313462,19,32.00045120686538,11.999400000000009
3475489001435472725=5,8.625,5,4.375
4562731862565675010=1.00000399999999,30.999396500000046,12.000001999999995,32.000591269239976
481471863362012201=1,44.062355,14,4
4955648603617723367=13.00045599999999,30.99938283906272,31.999997999999987,32.00000062694244
5687506715454685199=34,67,4,8
5749029299251958141=28,19,4,14
6742551462280477932=45.000012,18.99999999999997,12.000000000000007,12
8111652235136317851=45.00001,62.99939,12,12.000610000000002
8770908251501347507=28,61,4,14
9554093306075716255=1,49,8,4
Invalidelements=4098201228,4162515998,3829942371,2457047037
LastModified=1732705397
NaturalSize=148,148

[/usr/share/plasma/desktoptheme/default/widgets/button.svgz]
1004720549323875760=182,91,18,5
10146539909036596426=182,21,18,8
10546185130695775433=190,21,2,3
10703467637866987271=174,192,6,2
1083653939034904627=182,184,18,18
11165072347584737720=50,91,5,5
11371955818776950819=182,167,18,7
11879367659934287813=171,21,8,8
12258221546091248686=202.99999999800002,204.99999999800002,5,5
12665620006001393050=172,136,7,7
12790915348423724494=174,108,5,18
13104806820785656027=263,102,5,5
13446912552476083343=190,58,2,3
13460221785781616973=182,70,18,18
13943254417876370457=244,138,18,7
1404177513348110593=238,127,5.000000000000028,5
14062708261080488620=244,102,18,5
14075313695722898060=79,91,5,5
14373254401847221248=263,184,5,18
14459499656575276675=58,70,18,18
14576286494294445737=263,178,5,5
14723258584363175925=244,203,18,5
1476887015019509771=268,154,2,2
15078393337248013024=174,78,6,2
15134976500188575107=202,192,6,2
15741472562350292284=190,90,2,6
15824229722809479186=190,204,2,6
15908852457971377678=50,70,5,18
15943723115855921198=263,165,7,7
16092329210700848833=238,116,4,2
16120523923357995000=174.00000000000003,100,4.999999999999972,5
16367350544689490661=263,203,5,5
16445987457707094327=203,146,7,18
16453361174106166775=174,176,5,5
16621670420302060167=190,172,2,2
16637733577661042430=190,136,2,2
16765819076032813142=171,53,8,8
16879005724216073696=-12,192,3.9999999000000006,4
17010140825713068515=244,127,18,5
17153059401660128119=79,70,5,18
17156293220605256955=203,21,8,8
17416432908579428023=264,192,4,2
1767410373254756305=208,154,2,2
17692635377575881338=238,184,5,18
17700881082963869608=203,91,5,5
17711183063469578091=238,192,4,2
17912533134271655789=174,184,5,18
17955247606268876547=172,146,7,18
1830252953625286069=203,62,5,5
18303320382001205003=202,78,6,2
18319094246487395031=190,134,2,0.0010000000000047748
1970278190258037586=244,165,18,7
1980763615970895005=244,108,18,18
204948410796119491=236,165,7,7
205008825778287670=182,100,18,5
2088950512582194315=190,62,2,6
2164449791113269308=174,62,5,5
2194321750391375439=238,203,5,5
2572867329715119590=252,178,2,4
2744294777588788633=203,108,5,18
2808517035050897234=182,32,18,18
2823646625945156146=244,146,18,18
2874153411945404782=236,138,7,7
2917835286970407699=171,40,3,2
3088990118845260881=236,146,7,18
3310256086960237672=171,32,8,18
3354123850306960388=172,167,7,7
3400850694806950224=174,205,5,5
3527407743339096479=182,129,18,5
3686521001721219348=172,154,2,2
3739531864851325204=263,138,7,7
37950344645266695=244,178,18,5
425628678194113651=182,205,18,5
436530067356512089=79,62,5,5
4459949771590303577=252,170,2,2
4642972847351699698=203,70,5,18
4683848364324564391=203,167.00000000051,7,7
4692157903483302049=244,184,18,18
4694557883790298494=264,116,4,2
4698536062694106231=203,100,5,5.000000000000014
4715103046449108375=263,108,5,18
4846313252760998948=182,108,18,18
4898813856177313656=252,128,2,4
4898895696201047276=203,136,7,7
5024251360986286890=190,100,2,0.0010000000000047748
5186128572735615977=203,129,5,5
5188791212235025714=208,116,0.0010000000000047748,2
5448246956555383077=174,91,5,5
5741021805817322464=208,40,3,2
5753143497900413683=236,154,2,2
5801208985429623465=190,176,2,6
5819428728780330214=252,204,2,4
5830496699759482284=182,146,18,18
6166295469707078097=252,138,2,2
6237455831957771700=203,53,8,8
6295364990489474609=174,70,5,18
7077121364650796147=-12,76,3.9999999000000006,4
708858812130690079=182,62,18,5
7206453455221239894=174,129,5.000000000000028,5
7450663204244902376=58,91,18,5
7549341469118958949=182,136,18,7
7697813721197946485=263,145.99999618000004,7,18.00000001800001
7935743119649868162=203.000000001,176,5,5
8096706764625614027=58,62,18,5
832000968688522596=238,102,5,5
8690838711417923968=182,53,18,7.999999999999993
8701137511059563128=174,116,0.0010000000000047748,2
8734480871016147198=262.99999999999994,127,5.000000000000057,5
9171915212541833663=238,108,5,18
9172753196891188043=238,178,5,5
9196137937364948002=50,62,5,5
9492285129864890868=252,102,2,4
958786761526922900=203,31.999998912499997,8,18.000001718478302
9614261574708796918=203,184,5,18
9766359295344891249=182,176,18,5
Invalidelements=1975218840,151235682,1356119557,3116061270,203161686,3781162275,2918415002,1287021659,3788504664,842759228,3423777901,377709291,2737854092,2958812155,2100106114,582590012,937035045,2807130707,3099306199,2357628281,2553699694,4153461902,3683939683,2161461839,2124342391,3764529980,953239705,233690858,36059452,3712156806,3731942003,622804404,3810624454,2460077507,3977122607,361151960,369634245,3489813832,2557522861,3292974675,3397322610,489589187,2654084935,4289308380,1410843349,1229846096,3834181307,4141529168,203181313,3298481060,3455031782,2908440960,2959871344,2886877204,2792553137,2500129292,3616613810,3382972408,1358721874,1917809507,1393556138,2230366788,2528012025,2502391267,3548568900,228898613,3878973922,233306585,3794591177,3232751590,1267147861,3164501535,1402303985,425198735,4031092624,2539415487,1020527215,3451110001,3482014570,3576604224,1137176286,639089126,3908648725,1070184508,1675725042,3136282851,1065447993,3072151682,2718517057,926195127,940314593,3207966767,356851641,1966343646,182050657,2412411376,1991265952,1853669612,3881348035,1383499111,1320360127
LastModified=1732705397
NaturalSize=288,224

[/usr/share/plasma/desktoptheme/default/widgets/checkmarks.svgz]
1935245168781946377=0,0,16,16
LastModified=1732705397
NaturalSize=16,32

[/usr/share/plasma/desktoptheme/default/widgets/lineedit.svgz]
10421899262815914013=0,0,5,5
10534993617108411833=40,70,2,0.0010000000474974513
10795115719012649880=75,25,5,5
11946117660384075226=75,145.0009994506,7.000000000000028,7
12353164748465646672=40,0,2,6
13925671295386506525=75,105,5,5
14132626468880712854=0,5.000000000044999,5,20.00000000005
14153815104254862895=75.0000000011,44.999999999844995,5,20.00000000005
14888348886164994810=80,134.00100708,2,2
15180352207658591124=40,150.00100708,2,2
15952630499588123873=4.999995559359405,118.001,70.0000048406406,7
16001538330309171494=0,44.999999999844995,5,20.00000000005
16034388382317608966=8,8,64,14
16077126646769058571=-9.999894245993346e-10,80,5,5
16428762215171681399=40,39.9990005493,2,0.0010000000474974513
16478018532395736614=4.999994477540739,40,69.9999969523904,5
16624184789770406089=0,-4,2.03293180466,2.07712602615
16721692069114947278=40,110,2,0.0010000000474974513
17193155030083838208=75,65,5,5
17539693353262010459=-2,125.0000000393233,7,20.001001535676707
17647765790367958420=-9.999894245993346e-10,105.0000000001,5,5
17740440655037805823=80,94,0.0010000000474974513,2
18086736437683188649=0,40,5,5
1828945465848625479=0,14,6,1.9999999000000006
18348987819693918486=-2.00099992752,134.00100708,2,2
206359477565667526=4.999994476540735,65.0000000001,69.9999969523904,5
2254859638182641621=75.00000000040001,124.999999450845,7,20.00100000005
2363347441341589080=4.999994477540739,0,69.9999969523904,5
3127938445671253024=4.999994476540735,25.000000000100002,70.00000400000945,5
3603672696595625090=4,-4,2.0329318046600005,2.07712602615
3632192215047107699=40,118,2,2
3734622564380977302=0,25.000000000100002,5,5
3784165521168816035=40,79.9990005493,2,0.0010000000474974513
3853961015152113479=75.00000000099999,40,5,5
4155919428826933954=4.9999990000000025,145,70.0000039880952,7.0000009999999975
4266259923469195868=75,118.000000451,7,7
4980874675649118591=8,48,64,14
5170173016707059631=75,80,5,5
5187476795676140911=-2.000000001000018,118.000000451,7.000000000000028,7
5828713463507751314=75.00000000099999,0,5,5
6286495883304152914=0,65.0000000001,5,5
6970675869739783106=-5.000018177270249e-10,84.99999999984499,5,20.000000000050008
7070719178735547973=-0.0010000000475,94,0.0010000000475,2
7847662241731453485=-2.000000001000018,145.00099945099998,7.000000000000028,7
8204530826875358794=75.0000000011,5.000000000044999,5,20.00000000005
8473931416940103058=80,54,0.0010000000474974513,2
8589007532265368916=74,14,6,2
8612316964033514584=75.00000000040001,84.99999999984499,5,20.000000000050008
8899300499203017584=8,128,64,13.999991999999992
9180455971730516148=4.999994476540735,105.0000000001,70.00000400000947,5
9262076868255167905=-0.0010000000475,54,0.0010000000475,2
9446124481903994982=4.999994476540735,80,70.00000400000945,5
9556131988715654121=8,88,64,14
9927497318222555348=40,24,2,6
Invalidelements=630751487,1619992425,2627604996,2617616755,3018102406,3137867316,3445652801,3692679822,153898778,3426397517,426499983,2677900359,1574802981,703717,2863600225,2267726538,2356172530,387707622,773795966,260189620,1275905400,4025359166,3039425679,490064298,2933278041,3416484939,776536476,2445579907,2382528997,1408843650,3410846043,1692890579,588358158,399525641,2663841757,132378285,2079423525,4027691293,2019941666,2395533050,182529668,3987199811,1466697846,4173673010,3133743933,520348812,9833817
LastModified=1732705397
NaturalSize=80,30

[/usr/share/plasma/desktoptheme/default/widgets/viewitem.svgz]
11705584909817011815=49.928560000000004,-90.32326999999998,40,40
13977259166977774034=46,94,46,46
14904531262690524210=46.000001134563206,139.9999999999999,46.00000051134879,5
15210834514263190752=92.00000000000006,89,5,5
15586926009328788763=41,89,5,5
16506334817296507788=92,140,5,5
3241479492286438798=41,140,5,5
4229760460305527534=46.00000085385358,89,46.021998799519196,5
4640613660978334727=41,93.99999217607524,5,46.0000200743998
892372535122381809=92.00000000000006,94.0000013150609,5,46.000016066661374
Invalidelements=1524888877,3696101035,36130289,1311928383,1022547061,4016090801,574448623,3054684704,2427766351,3231146764,3071277725,3914175193,1331414308,4275247712,1417890668,1345812139,3767910359,201221273,1822027492,968931656,1879454317,2785913760,769435630,2096432289,447228755,1792599011,3250399076
LastModified=1732705397
NaturalSize=257,161
